0.000000000000000000e+00 0.000000000000000000e+00 0.000000000000000000e+00 0.000000000000000000e+00 0.000000000000000000e+00 0.000000000000000000e+00 0.000000000000000000e+00 0.000000000000000000e+00 0.000000000000000000e+00 0.000000000000000000e+00 0.000000000000000000e+00 0.000000000000000000e+00 0.000000000000000000e+00 0.000000000000000000e+00 0.000000000000000000e+00 0.000000000000000000e+00 0.000000000000000000e+00
0.000000000000000000e+00 0.000000000000000000e+00 0.000000000000000000e+00 0.000000000000000000e+00 0.000000000000000000e+00 0.000000000000000000e+00 0.000000000000000000e+00 0.000000000000000000e+00 0.000000000000000000e+00 0.000000000000000000e+00 0.000000000000000000e+00 1.215029673853845056e-05 3.905941165602719133e-05 1.059629005307915919e-04 1.261260173752578809e-05 0.000000000000000000e+00 0.000000000000000000e+00
0.000000000000000000e+00 0.000000000000000000e+00 0.000000000000000000e+00 0.000000000000000000e+00 0.000000000000000000e+00 0.000000000000000000e+00 0.000000000000000000e+00 8.829545928996292508e-06 1.538913515271921928e-06 4.529383967329280102e-07 4.442134779454596923e-06 1.847593059034822842e-04 3.717973578927343334e-05 1.367397402976914004e-03 3.070791679353289107e-05 0.000000000000000000e+00 0.000000000000000000e+00
0.000000000000000000e+00 0.000000000000000000e+00 0.000000000000000000e+00 0.000000000000000000e+00 0.000000000000000000e+00 0.000000000000000000e+00 1.221393636028764629e-05 8.320044094331150954e-06 8.848054247325136756e-06 1.130362006157786314e-05 2.002415020214316980e-05 7.063152760630400520e-04 2.241293885697104651e-02 4.326093131674950409e-02 3.312882141309763436e-03 0.000000000000000000e+00 0.000000000000000000e+00
0.000000000000000000e+00 0.000000000000000000e+00 0.000000000000000000e+00 0.000000000000000000e+00 0.000000000000000000e+00 4.444281963489451910e-06 1.058879485058012769e-05 9.784146239936883588e-05 2.335811637464568422e-02 1.717175653391850754e-04 1.541888886889772499e-03 3.023001066541483248e-02 3.895017565417837474e-02 1.698391978330834884e-02 1.637620293727383403e-04 0.000000000000000000e+00 0.000000000000000000e+00
0.000000000000000000e+00 0.000000000000000000e+00 0.000000000000000000e+00 0.000000000000000000e+00 0.000000000000000000e+00 4.166220934676232929e-06 4.778191078617304526e-05 2.767969200571437569e-02 8.136220717205439046e-02 4.158540372140984327e-03 1.255342846330125342e-02 2.887750442841756013e-02 1.249661927070895530e-03 9.053344587565305401e-07 1.537211884983209705e-05 0.000000000000000000e+00 0.000000000000000000e+00
0.000000000000000000e+00 0.000000000000000000e+00 0.000000000000000000e+00 0.000000000000000000e+00 4.652245960949157983e-06 3.611996006680989093e-06 1.691788374096072609e-06 2.534194530271930215e-02 7.314574558582963640e-03 2.955547057221714988e-03 2.740077642183352119e-02 1.788570169445141906e-04 1.742747818299670987e-05 1.143488989423899243e-06 0.000000000000000000e+00 0.000000000000000000e+00 0.000000000000000000e+00
0.000000000000000000e+00 0.000000000000000000e+00 0.000000000000000000e+00 0.000000000000000000e+00 8.947811722969514834e-05 1.649765365187853730e-04 6.118822027514778106e-03 2.659633204457389696e-02 9.822610777188624936e-03 3.251177120908129575e-02 1.032115003305896124e-02 1.135743732171648354e-04 0.000000000000000000e+00 0.000000000000000000e+00 0.000000000000000000e+00 0.000000000000000000e+00 0.000000000000000000e+00
0.000000000000000000e+00 0.000000000000000000e+00 0.000000000000000000e+00 3.566175593586793644e-06 4.166947526739366271e-06 1.424619832342486887e-04 2.128486285235134043e-02 1.339277151210952962e-02 2.556130530121515643e-02 3.170818154794191601e-02 2.492208463397633703e-05 9.237604046119868648e-06 0.000000000000000000e+00 0.000000000000000000e+00 0.000000000000000000e+00 0.000000000000000000e+00 0.000000000000000000e+00
0.000000000000000000e+00 0.000000000000000000e+00 0.000000000000000000e+00 3.464213726977583252e-05 1.808038405432115816e-04 8.522997135009037842e-03 1.796671564014887951e-02 1.820358921921666137e-02 3.092275194862585327e-02 2.447591353046655216e-04 7.810549317132826492e-07 0.000000000000000000e+00 0.000000000000000000e+00 0.000000000000000000e+00 0.000000000000000000e+00 0.000000000000000000e+00 0.000000000000000000e+00
0.000000000000000000e+00 0.000000000000000000e+00 0.000000000000000000e+00 1.095095514879527011e-05 1.680692521893672629e-06 1.503296951315457111e-02 2.470488653216286121e-02 2.553358982320217893e-02 7.530548716889772128e-03 6.252104009275629717e-05 0.000000000000000000e+00 0.000000000000000000e+00 0.000000000000000000e+00 0.000000000000000000e+00 0.000000000000000000e+00 0.000000000000000000e+00 0.000000000000000000e+00
0.000000000000000000e+00 0.000000000000000000e+00 0.000000000000000000e+00 1.066059357886729678e-05 5.165410086393715803e-04 2.288317165096633715e-02 1.867197840985208510e-02 2.491193377562894717e-02 5.289159122318164803e-04 1.445018669654794155e-05 0.000000000000000000e+00 0.000000000000000000e+00 0.000000000000000000e+00 0.000000000000000000e+00 0.000000000000000000e+00 0.000000000000000000e+00 0.000000000000000000e+00
0.000000000000000000e+00 0.000000000000000000e+00 1.431571647916487206e-07 1.157944378275818538e-05 7.499530040692012009e-06 3.665543586894520756e-02 1.826843854419416685e-02 5.614460484558022983e-03 2.771351000762168603e-05 0.000000000000000000e+00 0.000000000000000000e+00 0.000000000000000000e+00 0.000000000000000000e+00 0.000000000000000000e+00 0.000000000000000000e+00 0.000000000000000000e+00 0.000000000000000000e+00
0.000000000000000000e+00 0.000000000000000000e+00 4.594466650547160153e-06 1.366341610604809548e-05 1.945599463894621614e-02 1.028018687321762270e-01 1.089836886786797569e-02 1.942758882772606583e-04 1.388209614300028600e-05 0.000000000000000000e+00 0.000000000000000000e+00 0.000000000000000000e+00 0.000000000000000000e+00 0.000000000000000000e+00 0.000000000000000000e+00 0.000000000000000000e+00 0.000000000000000000e+00
0.000000000000000000e+00 0.000000000000000000e+00 6.001000192622686607e-07 1.784605755254038529e-05 5.030971153626741504e-04 8.848306966786661371e-03 1.131991908589441969e-06 2.130282713202485633e-05 0.000000000000000000e+00 0.000000000000000000e+00 0.000000000000000000e+00 0.000000000000000000e+00 0.000000000000000000e+00 0.000000000000000000e+00 0.000000000000000000e+00 0.000000000000000000e+00 0.000000000000000000e+00
0.000000000000000000e+00 0.000000000000000000e+00 0.000000000000000000e+00 5.529680604974261658e-06 2.581192708734935773e-05 3.420280337989045039e-06 2.181051781943972123e-06 0.000000000000000000e+00 0.000000000000000000e+00 0.000000000000000000e+00 0.000000000000000000e+00 0.000000000000000000e+00 0.000000000000000000e+00 0.000000000000000000e+00 0.000000000000000000e+00 0.000000000000000000e+00 0.000000000000000000e+00
0.000000000000000000e+00 0.000000000000000000e+00 0.000000000000000000e+00 0.000000000000000000e+00 0.000000000000000000e+00 0.000000000000000000e+00 0.000000000000000000e+00 0.000000000000000000e+00 0.000000000000000000e+00 0.000000000000000000e+00 0.000000000000000000e+00 0.000000000000000000e+00 0.000000000000000000e+00 0.000000000000000000e+00 0.000000000000000000e+00 0.000000000000000000e+00 0.000000000000000000e+00
