0.000000000000000000e+00 0.000000000000000000e+00 0.000000000000000000e+00 0.000000000000000000e+00 0.000000000000000000e+00 0.000000000000000000e+00 0.000000000000000000e+00 0.000000000000000000e+00 0.000000000000000000e+00 0.000000000000000000e+00 0.000000000000000000e+00 0.000000000000000000e+00 0.000000000000000000e+00 0.000000000000000000e+00 0.000000000000000000e+00
0.000000000000000000e+00 0.000000000000000000e+00 0.000000000000000000e+00 0.000000000000000000e+00 0.000000000000000000e+00 0.000000000000000000e+00 0.000000000000000000e+00 0.000000000000000000e+00 0.000000000000000000e+00 0.000000000000000000e+00 0.000000000000000000e+00 0.000000000000000000e+00 0.000000000000000000e+00 0.000000000000000000e+00 0.000000000000000000e+00
0.000000000000000000e+00 0.000000000000000000e+00 0.000000000000000000e+00 0.000000000000000000e+00 0.000000000000000000e+00 0.000000000000000000e+00 6.829878174029542184e-08 5.167192739988522679e-07 4.095174451248467746e-05 7.396587993944283093e-05 4.951488519532000547e-07 0.000000000000000000e+00 0.000000000000000000e+00 0.000000000000000000e+00 0.000000000000000000e+00
0.000000000000000000e+00 0.000000000000000000e+00 0.000000000000000000e+00 0.000000000000000000e+00 0.000000000000000000e+00 0.000000000000000000e+00 2.585705305980396537e-07 7.753483856113599587e-05 5.709572046764096499e-03 9.402963562377523316e-03 1.770880368756780712e-04 1.297717608528853490e-04 0.000000000000000000e+00 0.000000000000000000e+00 0.000000000000000000e+00
0.000000000000000000e+00 0.000000000000000000e+00 0.000000000000000000e+00 0.000000000000000000e+00 0.000000000000000000e+00 1.202227434551582610e-07 8.636192819456731747e-05 2.687868585446074373e-03 4.865620041556417003e-02 3.648745724489950437e-02 2.960020110524892722e-02 4.826785805858979368e-04 6.391746507664386782e-06 0.000000000000000000e+00 0.000000000000000000e+00
0.000000000000000000e+00 0.000000000000000000e+00 0.000000000000000000e+00 0.000000000000000000e+00 0.000000000000000000e+00 3.378265816883480349e-06 8.363230152006783985e-05 1.629883628590614655e-02 3.269158301650350838e-03 3.803212511915230734e-05 2.096277963130505420e-02 1.281312167752302403e-02 4.013488413829308771e-06 0.000000000000000000e+00 0.000000000000000000e+00
0.000000000000000000e+00 0.000000000000000000e+00 0.000000000000000000e+00 0.000000000000000000e+00 3.417126892946544074e-06 1.587150450741501965e-04 5.220070798515125815e-03 1.482399362449852293e-02 5.642537422285017271e-03 9.310446674152742311e-03 4.251675593373000633e-02 7.341240584627177143e-03 7.808937256823400241e-06 0.000000000000000000e+00 0.000000000000000000e+00
0.000000000000000000e+00 0.000000000000000000e+00 0.000000000000000000e+00 4.725613908575324435e-06 5.335438163799228350e-05 2.251314457091509961e-03 1.601001020780119452e-02 3.254617266163539052e-02 2.253884354778045232e-02 3.841024871859599621e-02 7.243547253037450895e-02 1.717155328013984187e-03 7.644309291009489046e-06 0.000000000000000000e+00 0.000000000000000000e+00
0.000000000000000000e+00 0.000000000000000000e+00 0.000000000000000000e+00 6.930088744382279116e-05 1.725189084143628337e-04 1.398111995405563503e-02 5.111099385585662208e-02 2.686795487232047572e-02 2.720925199695911276e-02 4.080586811797404928e-02 2.755248178265531228e-02 1.120808111574673918e-04 0.000000000000000000e+00 0.000000000000000000e+00 0.000000000000000000e+00
0.000000000000000000e+00 0.000000000000000000e+00 0.000000000000000000e+00 2.124933418894386482e-05 2.851601271625840792e-04 2.048111105387598677e-02 4.531925612261673841e-02 2.511685673290940321e-02 2.999620185064177588e-02 3.056179347161478918e-02 3.271923909207735833e-04 9.612720136232723656e-06 0.000000000000000000e+00 0.000000000000000000e+00 0.000000000000000000e+00
0.000000000000000000e+00 0.000000000000000000e+00 0.000000000000000000e+00 5.593303474723336901e-07 1.045072593003803152e-04 5.038566797570741377e-05 3.169702547986901625e-02 4.635081239901633898e-02 6.158998605265007809e-02 3.228238642405067971e-02 1.160418313207159429e-04 0.000000000000000000e+00 0.000000000000000000e+00 0.000000000000000000e+00 0.000000000000000000e+00
0.000000000000000000e+00 0.000000000000000000e+00 0.000000000000000000e+00 0.000000000000000000e+00 3.445005956512001827e-05 9.709328679028500183e-05 1.677804382051814851e-03 9.841024828465865654e-03 1.680005884535150026e-02 7.923028915856086644e-04 2.627917572920416146e-06 0.000000000000000000e+00 0.000000000000000000e+00 0.000000000000000000e+00 0.000000000000000000e+00
0.000000000000000000e+00 0.000000000000000000e+00 0.000000000000000000e+00 0.000000000000000000e+00 0.000000000000000000e+00 2.343023133206284761e-05 8.207862169588445243e-05 1.059033453935278576e-04 1.197556199671068753e-04 1.149496495551178231e-04 0.000000000000000000e+00 0.000000000000000000e+00 0.000000000000000000e+00 0.000000000000000000e+00 0.000000000000000000e+00
0.000000000000000000e+00 0.000000000000000000e+00 0.000000000000000000e+00 0.000000000000000000e+00 0.000000000000000000e+00 0.000000000000000000e+00 6.660338774043089243e-06 8.618673199995973566e-06 8.185456334838420335e-06 0.000000000000000000e+00 0.000000000000000000e+00 0.000000000000000000e+00 0.000000000000000000e+00 0.000000000000000000e+00 0.000000000000000000e+00
0.000000000000000000e+00 0.000000000000000000e+00 0.000000000000000000e+00 0.000000000000000000e+00 0.000000000000000000e+00 0.000000000000000000e+00 0.000000000000000000e+00 0.000000000000000000e+00 0.000000000000000000e+00 0.000000000000000000e+00 0.000000000000000000e+00 0.000000000000000000e+00 0.000000000000000000e+00 0.000000000000000000e+00 0.000000000000000000e+00
