0.000000000000000000e+00 0.000000000000000000e+00 0.000000000000000000e+00 0.000000000000000000e+00 0.000000000000000000e+00 0.000000000000000000e+00 0.000000000000000000e+00 0.000000000000000000e+00 0.000000000000000000e+00 0.000000000000000000e+00 0.000000000000000000e+00 0.000000000000000000e+00 0.000000000000000000e+00
0.000000000000000000e+00 0.000000000000000000e+00 0.000000000000000000e+00 0.000000000000000000e+00 0.000000000000000000e+00 0.000000000000000000e+00 0.000000000000000000e+00 0.000000000000000000e+00 4.590162054598425370e-05 1.454397239021024206e-05 3.570825809949345737e-06 0.000000000000000000e+00 0.000000000000000000e+00
0.000000000000000000e+00 0.000000000000000000e+00 4.989224938422276904e-07 4.419333957087281049e-07 5.924643527043819577e-06 8.144770476184876356e-08 0.000000000000000000e+00 7.560845351728553250e-05 3.124187833115408641e-05 4.340133592268898347e-03 1.968244640147649802e-03 2.054898318935370064e-06 0.000000000000000000e+00
0.000000000000000000e+00 7.129465561698905519e-05 1.380220643482960204e-04 6.505544266319891385e-06 2.901207747554017651e-03 8.464702912991034283e-04 1.031129225770044817e-04 7.522415297129101286e-05 9.528325896895805595e-05 7.798283990274460994e-03 1.904754585604926873e-02 2.106639707421157184e-04 0.000000000000000000e+00
0.000000000000000000e+00 4.139990009235882236e-05 2.169008819483313286e-04 2.942425524364723766e-02 5.990658572654040254e-02 1.930833892056872322e-02 3.620377665088333509e-04 6.549008299437299597e-05 1.116132080024651361e-04 1.575505466765953974e-02 2.625776271620774288e-02 5.425800631712426230e-04 0.000000000000000000e+00
0.000000000000000000e+00 1.147162742370583862e-04 2.219672358577645503e-04 1.104196405372450665e-03 4.505047971435192228e-02 2.678339215762876729e-02 3.840575558640969139e-03 7.849993846155710374e-05 3.755109965683347921e-03 2.935329478536667647e-02 2.444247553971237025e-02 1.704282900587394262e-04 0.000000000000000000e+00
0.000000000000000000e+00 1.783822763946424036e-04 1.802754963212164433e-04 4.711234565492338627e-03 1.342087895448852014e-02 2.929527974503922869e-02 2.298425456900588318e-02 2.415563678045180157e-02 3.112273768967130025e-02 2.957362050243853707e-02 5.613577618561004304e-03 6.380516183977166946e-06 0.000000000000000000e+00
0.000000000000000000e+00 2.002434353762425453e-05 8.965197184334787505e-05 7.320575944994940978e-03 6.946518526092210211e-02 1.062503760644624845e-01 3.473696547202514279e-02 1.499832396347181018e-02 5.411984278647656924e-03 1.886756257467353277e-03 1.768427237114114922e-06 0.000000000000000000e+00 0.000000000000000000e+00
0.000000000000000000e+00 0.000000000000000000e+00 7.361231335860331986e-05 1.231848813545129498e-03 9.353299681349160066e-02 9.271679597587888233e-02 1.777976022433656877e-02 1.615527240407333483e-05 2.275289276801544851e-06 6.011928340253711655e-06 2.697873101378281079e-07 0.000000000000000000e+00 0.000000000000000000e+00
0.000000000000000000e+00 0.000000000000000000e+00 8.868325871246725246e-06 1.228448808107806948e-04 5.100279230240595783e-03 9.449942471471880004e-03 2.453845431177989131e-02 7.266269327213808679e-03 5.418447101451273898e-06 0.000000000000000000e+00 0.000000000000000000e+00 0.000000000000000000e+00 0.000000000000000000e+00
0.000000000000000000e+00 0.000000000000000000e+00 2.776291944224700475e-06 5.334121879222699496e-08 6.079504570256198923e-06 6.272898265329045686e-05 5.718475926305337763e-03 1.569485727853841758e-02 2.442965625518535907e-04 0.000000000000000000e+00 0.000000000000000000e+00 0.000000000000000000e+00 0.000000000000000000e+00
0.000000000000000000e+00 0.000000000000000000e+00 0.000000000000000000e+00 0.000000000000000000e+00 1.749637598592750226e-06 7.435950429799995201e-07 1.288032964754957173e-04 1.712157462193405577e-04 3.529399959581729942e-06 0.000000000000000000e+00 0.000000000000000000e+00 0.000000000000000000e+00 0.000000000000000000e+00
0.000000000000000000e+00 0.000000000000000000e+00 0.000000000000000000e+00 0.000000000000000000e+00 0.000000000000000000e+00 0.000000000000000000e+00 0.000000000000000000e+00 0.000000000000000000e+00 0.000000000000000000e+00 0.000000000000000000e+00 0.000000000000000000e+00 0.000000000000000000e+00 0.000000000000000000e+00
