0.000000000000000000e+00 0.000000000000000000e+00 0.000000000000000000e+00 0.000000000000000000e+00 0.000000000000000000e+00 0.000000000000000000e+00 0.000000000000000000e+00 0.000000000000000000e+00 0.000000000000000000e+00 0.000000000000000000e+00 0.000000000000000000e+00 0.000000000000000000e+00 0.000000000000000000e+00 0.000000000000000000e+00 0.000000000000000000e+00 0.000000000000000000e+00 0.000000000000000000e+00 0.000000000000000000e+00 0.000000000000000000e+00 0.000000000000000000e+00 0.000000000000000000e+00 0.000000000000000000e+00 0.000000000000000000e+00
0.000000000000000000e+00 0.000000000000000000e+00 0.000000000000000000e+00 0.000000000000000000e+00 0.000000000000000000e+00 0.000000000000000000e+00 0.000000000000000000e+00 0.000000000000000000e+00 0.000000000000000000e+00 0.000000000000000000e+00 0.000000000000000000e+00 0.000000000000000000e+00 0.000000000000000000e+00 0.000000000000000000e+00 0.000000000000000000e+00 0.000000000000000000e+00 0.000000000000000000e+00 0.000000000000000000e+00 0.000000000000000000e+00 0.000000000000000000e+00 0.000000000000000000e+00 0.000000000000000000e+00 0.000000000000000000e+00
0.000000000000000000e+00 0.000000000000000000e+00 0.000000000000000000e+00 0.000000000000000000e+00 0.000000000000000000e+00 0.000000000000000000e+00 0.000000000000000000e+00 0.000000000000000000e+00 0.000000000000000000e+00 0.000000000000000000e+00 0.000000000000000000e+00 0.000000000000000000e+00 0.000000000000000000e+00 0.000000000000000000e+00 0.000000000000000000e+00 1.342607491946589261e-04 4.026269119553804645e-04 5.004498545603525269e-05 5.148778638811641917e-05 0.000000000000000000e+00 0.000000000000000000e+00 0.000000000000000000e+00 0.000000000000000000e+00
0.000000000000000000e+00 0.000000000000000000e+00 0.000000000000000000e+00 0.000000000000000000e+00 0.000000000000000000e+00 0.000000000000000000e+00 0.000000000000000000e+00 0.000000000000000000e+00 0.000000000000000000e+00 0.000000000000000000e+00 0.000000000000000000e+00 0.000000000000000000e+00 0.000000000000000000e+00 0.000000000000000000e+00 2.063823068488928460e-07 1.099084247792928818e-04 2.124154075417667396e-03 6.329705630750642395e-03 5.268595837527531318e-04 0.000000000000000000e+00 0.000000000000000000e+00 0.000000000000000000e+00 0.000000000000000000e+00
0.000000000000000000e+00 0.000000000000000000e+00 0.000000000000000000e+00 0.000000000000000000e+00 0.000000000000000000e+00 0.000000000000000000e+00 0.000000000000000000e+00 0.000000000000000000e+00 0.000000000000000000e+00 0.000000000000000000e+00 0.000000000000000000e+00 0.000000000000000000e+00 0.000000000000000000e+00 0.000000000000000000e+00 8.027830140637508434e-06 3.532971240431809348e-05 1.207519370569798238e-02 7.963824274565202421e-02 1.138594414466924734e-02 2.597344216671385064e-05 0.000000000000000000e+00 0.000000000000000000e+00 0.000000000000000000e+00
0.000000000000000000e+00 0.000000000000000000e+00 0.000000000000000000e+00 0.000000000000000000e+00 0.000000000000000000e+00 0.000000000000000000e+00 0.000000000000000000e+00 0.000000000000000000e+00 0.000000000000000000e+00 0.000000000000000000e+00 0.000000000000000000e+00 0.000000000000000000e+00 0.000000000000000000e+00 0.000000000000000000e+00 1.162531944162993671e-05 2.494007280039824428e-06 4.794826579166633351e-03 8.343822838903247607e-02 6.260925185485509631e-05 2.270675546567727879e-05 0.000000000000000000e+00 0.000000000000000000e+00 0.000000000000000000e+00
0.000000000000000000e+00 0.000000000000000000e+00 0.000000000000000000e+00 0.000000000000000000e+00 0.000000000000000000e+00 0.000000000000000000e+00 0.000000000000000000e+00 0.000000000000000000e+00 0.000000000000000000e+00 0.000000000000000000e+00 0.000000000000000000e+00 0.000000000000000000e+00 0.000000000000000000e+00 0.000000000000000000e+00 1.114831879720037745e-06 6.338779828596667306e-04 2.018245738210294737e-02 8.602762869406639645e-02 1.272674423167070336e-02 1.279733286138192371e-05 0.000000000000000000e+00 0.000000000000000000e+00 0.000000000000000000e+00
0.000000000000000000e+00 0.000000000000000000e+00 0.000000000000000000e+00 0.000000000000000000e+00 0.000000000000000000e+00 0.000000000000000000e+00 0.000000000000000000e+00 2.322918155867965807e-05 5.562097000715459712e-06 2.210432849595627054e-05 2.688000891149549729e-05 0.000000000000000000e+00 0.000000000000000000e+00 0.000000000000000000e+00 3.448916269094225558e-05 2.680804184540185823e-03 3.876314620000360228e-02 7.705409599643153751e-02 7.391848609212410028e-03 1.701240607077599584e-05 0.000000000000000000e+00 0.000000000000000000e+00 0.000000000000000000e+00
0.000000000000000000e+00 0.000000000000000000e+00 0.000000000000000000e+00 0.000000000000000000e+00 0.000000000000000000e+00 0.000000000000000000e+00 1.431837517792127628e-05 1.123404259327671228e-04 1.919919323721118671e-03 1.909243714778409342e-03 3.141428450750969248e-04 8.583985658604090092e-06 6.805183652569364778e-05 7.124457524038455263e-05 3.365191134987973506e-04 1.483464771618080505e-03 2.430592286400945143e-02 2.076237572101040027e-02 7.679427349983293982e-05 0.000000000000000000e+00 0.000000000000000000e+00 0.000000000000000000e+00 0.000000000000000000e+00
0.000000000000000000e+00 0.000000000000000000e+00 0.000000000000000000e+00 0.000000000000000000e+00 0.000000000000000000e+00 0.000000000000000000e+00 1.701853487991196711e-05 1.895663853243704329e-03 3.032451042383600345e-02 2.429183182052534890e-02 6.222997839373411132e-03 1.609839263958090473e-03 2.609785996322741531e-04 1.226536954681502927e-04 2.327456665645257113e-03 6.966838712504181894e-03 2.180696557640345555e-03 2.565378837277028194e-04 2.234211178047556230e-05 0.000000000000000000e+00 0.000000000000000000e+00 0.000000000000000000e+00 0.000000000000000000e+00
0.000000000000000000e+00 0.000000000000000000e+00 0.000000000000000000e+00 0.000000000000000000e+00 0.000000000000000000e+00 0.000000000000000000e+00 1.747347570775001691e-05 2.724374806809373110e-03 2.436794490946439171e-02 1.567957320830359186e-02 1.363919755547149566e-02 1.769144758246421478e-02 1.226518298892579316e-03 2.854274615946885470e-03 9.376185998556560777e-03 2.677261272848494456e-03 4.026169291712474395e-04 2.519913395200094040e-05 0.000000000000000000e+00 0.000000000000000000e+00 0.000000000000000000e+00 0.000000000000000000e+00 0.000000000000000000e+00
0.000000000000000000e+00 0.000000000000000000e+00 0.000000000000000000e+00 0.000000000000000000e+00 0.000000000000000000e+00 3.982040519862075112e-08 2.030898383193344828e-05 2.490373345453450286e-03 6.549782966963579173e-03 1.406426649895590368e-04 8.199872867630833258e-04 1.609298022081671886e-02 6.677702123233012106e-03 5.683151097443881090e-03 3.036894313561729584e-03 6.046220763037457374e-04 0.000000000000000000e+00 0.000000000000000000e+00 0.000000000000000000e+00 0.000000000000000000e+00 0.000000000000000000e+00 0.000000000000000000e+00 0.000000000000000000e+00
0.000000000000000000e+00 0.000000000000000000e+00 0.000000000000000000e+00 0.000000000000000000e+00 0.000000000000000000e+00 8.653238136076706313e-07 9.722875115247536901e-05 4.870673785610891288e-03 7.872442061568627261e-03 4.995030242802535802e-04 1.131611904152894947e-03 9.476629822715668464e-03 7.200684189549878995e-03 2.515080103801717488e-03 2.421123679603875306e-04 3.355957104860524115e-05 0.000000000000000000e+00 0.000000000000000000e+00 0.000000000000000000e+00 0.000000000000000000e+00 0.000000000000000000e+00 0.000000000000000000e+00 0.000000000000000000e+00
0.000000000000000000e+00 0.000000000000000000e+00 0.000000000000000000e+00 0.000000000000000000e+00 1.917067204921508659e-07 1.064184865768983646e-05 1.103873299536293996e-03 1.545077979369042197e-02 2.396284915690912679e-03 2.478091958549912270e-04 5.777072443280621260e-04 3.547154194263110218e-03 4.835884712886652850e-03 6.360312769459445939e-04 0.000000000000000000e+00 0.000000000000000000e+00 0.000000000000000000e+00 0.000000000000000000e+00 0.000000000000000000e+00 0.000000000000000000e+00 0.000000000000000000e+00 0.000000000000000000e+00 0.000000000000000000e+00
0.000000000000000000e+00 0.000000000000000000e+00 0.000000000000000000e+00 0.000000000000000000e+00 7.944707029345369548e-06 1.062560599722124383e-04 8.628530155209430952e-03 8.190913450292276743e-03 8.934652129187286261e-04 1.284939484552538472e-04 1.086807732924902997e-04 6.266630683988232836e-03 3.806193602051773268e-03 7.977987802861472261e-05 0.000000000000000000e+00 0.000000000000000000e+00 0.000000000000000000e+00 0.000000000000000000e+00 0.000000000000000000e+00 0.000000000000000000e+00 0.000000000000000000e+00 0.000000000000000000e+00 0.000000000000000000e+00
0.000000000000000000e+00 0.000000000000000000e+00 0.000000000000000000e+00 0.000000000000000000e+00 1.583418512223736826e-05 1.799599678033292740e-03 1.576675711982420888e-02 2.521568873169545855e-03 2.008436620592620221e-05 2.558537480261964159e-05 6.626619187452549402e-04 9.917423285943334846e-03 6.170061947895384702e-04 0.000000000000000000e+00 0.000000000000000000e+00 0.000000000000000000e+00 0.000000000000000000e+00 0.000000000000000000e+00 0.000000000000000000e+00 0.000000000000000000e+00 0.000000000000000000e+00 0.000000000000000000e+00 0.000000000000000000e+00
0.000000000000000000e+00 0.000000000000000000e+00 0.000000000000000000e+00 0.000000000000000000e+00 3.177879749867319613e-06 3.700053580557723879e-03 1.245168852254944884e-02 6.055112562934996442e-04 6.174272634577476309e-07 1.691060842236982029e-05 3.074818669491699921e-03 8.859112229870650876e-03 4.820399594566703873e-04 0.000000000000000000e+00 0.000000000000000000e+00 0.000000000000000000e+00 0.000000000000000000e+00 0.000000000000000000e+00 0.000000000000000000e+00 0.000000000000000000e+00 0.000000000000000000e+00 0.000000000000000000e+00 0.000000000000000000e+00
0.000000000000000000e+00 0.000000000000000000e+00 0.000000000000000000e+00 0.000000000000000000e+00 1.557240087691200755e-05 1.932922427072571213e-03 1.584868792324783948e-02 1.418822538986841408e-03 4.332422305720548200e-06 1.033877999169213176e-05 1.152851801778980757e-03 1.105051401590331772e-02 2.106654160596422676e-04 0.000000000000000000e+00 0.000000000000000000e+00 0.000000000000000000e+00 0.000000000000000000e+00 0.000000000000000000e+00 0.000000000000000000e+00 0.000000000000000000e+00 0.000000000000000000e+00 0.000000000000000000e+00 0.000000000000000000e+00
0.000000000000000000e+00 0.000000000000000000e+00 0.000000000000000000e+00 0.000000000000000000e+00 7.783692069771841449e-06 2.618912795763364098e-04 7.512190472818490276e-03 7.716435630574928865e-03 1.739943225069385960e-03 1.060498678673867616e-04 1.374108828660904752e-02 1.311778791988908212e-02 2.188441811267477629e-04 0.000000000000000000e+00 0.000000000000000000e+00 0.000000000000000000e+00 0.000000000000000000e+00 0.000000000000000000e+00 0.000000000000000000e+00 0.000000000000000000e+00 0.000000000000000000e+00 0.000000000000000000e+00 0.000000000000000000e+00
0.000000000000000000e+00 0.000000000000000000e+00 0.000000000000000000e+00 0.000000000000000000e+00 1.134303432644405943e-05 9.852196204216037955e-06 5.557862726266913581e-04 8.545954887189245383e-03 1.083827039347090224e-02 1.239111231733817410e-02 2.417151457425308070e-02 2.544725297500147199e-03 1.095600171380180433e-04 0.000000000000000000e+00 0.000000000000000000e+00 0.000000000000000000e+00 0.000000000000000000e+00 0.000000000000000000e+00 0.000000000000000000e+00 0.000000000000000000e+00 0.000000000000000000e+00 0.000000000000000000e+00 0.000000000000000000e+00
0.000000000000000000e+00 0.000000000000000000e+00 0.000000000000000000e+00 0.000000000000000000e+00 0.000000000000000000e+00 5.292563027810793253e-06 1.152783609212108763e-05 1.442779334258853063e-04 9.477739784607897748e-04 1.855857308842362094e-03 2.123819225205806575e-03 5.647254914208385632e-04 0.000000000000000000e+00 0.000000000000000000e+00 0.000000000000000000e+00 0.000000000000000000e+00 0.000000000000000000e+00 0.000000000000000000e+00 0.000000000000000000e+00 0.000000000000000000e+00 0.000000000000000000e+00 0.000000000000000000e+00 0.000000000000000000e+00
0.000000000000000000e+00 0.000000000000000000e+00 0.000000000000000000e+00 0.000000000000000000e+00 0.000000000000000000e+00 0.000000000000000000e+00 1.334683192099870395e-05 9.714901808299992533e-06 1.457324101437100508e-05 1.659593019126567076e-05 1.411493617431901240e-05 1.436033613814694241e-05 0.000000000000000000e+00 0.000000000000000000e+00 0.000000000000000000e+00 0.000000000000000000e+00 0.000000000000000000e+00 0.000000000000000000e+00 0.000000000000000000e+00 0.000000000000000000e+00 0.000000000000000000e+00 0.000000000000000000e+00 0.000000000000000000e+00
0.000000000000000000e+00 0.000000000000000000e+00 0.000000000000000000e+00 0.000000000000000000e+00 0.000000000000000000e+00 0.000000000000000000e+00 0.000000000000000000e+00 0.000000000000000000e+00 0.000000000000000000e+00 0.000000000000000000e+00 0.000000000000000000e+00 0.000000000000000000e+00 0.000000000000000000e+00 0.000000000000000000e+00 0.000000000000000000e+00 0.000000000000000000e+00 0.000000000000000000e+00 0.000000000000000000e+00 0.000000000000000000e+00 0.000000000000000000e+00 0.000000000000000000e+00 0.000000000000000000e+00 0.000000000000000000e+00
